1675839165313 1.69 100
1675839804589 3.39 200
1675840257606 5.08 300
1675840445372 5.08 300
1675841097155 6.77 400
1675841737991 8.47 500
1675842189103 10.17 600
1675842377456 10.17 600
1675843029234 11.86 700
1675843669367 13.55 800
1675844119988 15.25 900
1675844308058 15.25 900
1675844960136 16.94 1000
1675845601165 18.64 1100
1675846051658 20.34 1200
1675846238876 20.34 1200
1675846889794 22.03 1300
1675847528582 23.72 1400
1675847981167 25.42 1500
1675848168773 25.42 1500
1675848821012 27.12 1600
1675849457725 28.81 1700
1675849909881 30.5 1800
1675850097246 30.5 1800
1675850750603 32.2 1900
1675851389098 33.89 2000
1675851842015 35.59 2100
1675852029413 35.59 2100
1675852679523 37.29 2200
1675853313889 38.97 2300
1675853764774 40.67 2400
1675853950628 40.67 2400
