1675191077934 0.84 100
1675191135967 1.69 200
1675191194107 2.54 300
1675191252345 3.39 400
1675191310573 4.24 500
1675191508424 4.24 500
1675191576376 5.08 600
1675191634095 5.93 700
1675191692305 6.77 800
1675191750530 7.62 900
1675191808811 8.47 1000
1675192006025 8.47 1000
1675192068317 9.32 1100
1675192126566 10.17 1200
1675192185011 11.02 1300
1675192243059 11.86 1400
1675192301373 12.71 1500
1675192498934 12.71 1500
1675192561835 13.56 1600
1675192620261 14.4 1700
1675192678753 15.25 1800
1675192737035 16.1 1900
1675192794988 16.94 2000
1675192992797 16.94 2000
1675193055568 17.79 2100
1675193113751 18.64 2200
1675193172105 19.49 2300
1675193230438 20.34 2400
1675193288673 21.19 2500
1675193485696 21.19 2500
1675193547889 22.03 2600
1675193605251 22.88 2700
1675193663172 23.72 2800
1675193721081 24.57 2900
1675193778932 25.42 3000
1675193975984 25.42 3000
1675194038014 26.27 3100
1675194095388 27.12 3200
1675194152490 27.96 3300
1675194210130 28.81 3400
1675194267823 29.66 3500
1675194465378 29.66 3500
