1675191077934 9.800000000000001e-06 100
1675191135967 9.600000000000001e-06 200
1675191194107 9.4e-06 300
1675191252345 9.200000000000002e-06 400
1675191310573 9e-06 500
1675191576376 8.8e-06 600
1675191634095 8.6e-06 700
1675191692305 8.400000000000001e-06 800
1675191750530 8.2e-06 900
1675191808811 8.000000000000001e-06 1000
1675192068317 7.800000000000002e-06 1100
1675192126566 7.600000000000001e-06 1200
1675192185011 7.4e-06 1300
1675192243059 7.2000000000000005e-06 1400
1675192301373 7e-06 1500
1675192561835 6.800000000000001e-06 1600
1675192620261 6.600000000000001e-06 1700
1675192678753 6.4000000000000006e-06 1800
1675192737035 6.200000000000001e-06 1900
1675192794988 6e-06 2000
1675193055568 5.8e-06 2100
1675193113751 5.600000000000001e-06 2200
1675193172105 5.400000000000001e-06 2300
1675193230438 5.2e-06 2400
1675193288673 5e-06 2500
1675193547889 4.800000000000001e-06 2600
1675193605251 4.600000000000001e-06 2700
1675193663172 4.4e-06 2800
1675193721081 4.2000000000000004e-06 2900
1675193778932 4.000000000000001e-06 3000
1675194038014 3.8000000000000005e-06 3100
1675194095388 3.6000000000000003e-06 3200
1675194152490 3.4000000000000005e-06 3300
1675194210130 3.2000000000000003e-06 3400
1675194267823 3e-06 3500
