1675191077934 0.7486 100
1675191135967 0.4467 200
1675191194107 0.4169 300
1675191252345 0.3969 400
1675191310573 0.4037 500
1675191576376 0.3777 600
1675191634095 0.3625 700
1675191692305 0.3538 800
1675191750530 0.3476 900
1675191808811 0.342 1000
1675192068317 0.3235 1100
1675192126566 0.3241 1200
1675192185011 0.3175 1300
1675192243059 0.3116 1400
1675192301373 0.3095 1500
1675192561835 0.3063 1600
1675192620261 0.2992 1700
1675192678753 0.2868 1800
1675192737035 0.2915 1900
1675192794988 0.2855 2000
1675193055568 0.2689 2100
1675193113751 0.2682 2200
1675193172105 0.2794 2300
1675193230438 0.2703 2400
1675193288673 0.265 2500
1675193547889 0.2661 2600
1675193605251 0.2622 2700
1675193663172 0.2516 2800
1675193721081 0.2524 2900
1675193778932 0.2497 3000
1675194038014 0.2476 3100
1675194095388 0.2528 3200
1675194152490 0.2435 3300
1675194210130 0.2459 3400
1675194267823 0.2431 3500
