1675167170938 0.42 100
1675167193550 0.42 100
1675167272899 0.84 200
1675167298139 0.84 200
1675167379116 1.27 300
1675167404533 1.27 300
1675167483081 1.69 400
1675167507262 1.69 400
1675167584663 2.11 500
1675167610994 2.11 500
1675167687166 2.53 600
1675167712986 2.53 600
1675167789703 2.95 700
1675167814637 2.95 700
1675167893257 3.37 800
1675167918669 3.37 800
1675167995033 3.8 900
1675168020044 3.8 900
1675168100959 4.22 1000
1675168113382 4.22 1000
1675168190664 4.64 1100
1675168215501 4.64 1100
1675168296481 5.06 1200
1675168321304 5.06 1200
1675168397914 5.48 1300
1675168423399 5.48 1300
1675168500140 5.91 1400
1675168526300 5.91 1400
1675168607420 6.33 1500
1675168634235 6.33 1500
1675168713887 6.75 1600
1675168741643 6.75 1600
1675168819942 7.17 1700
1675168845514 7.17 1700
1675168925031 7.59 1800
1675168951625 7.59 1800
1675169030364 8.02 1900
1675169057496 8.02 1900
1675169133456 8.44 2000
1675169159337 8.44 2000
1675169240427 8.86 2100
1675169265222 8.86 2100
1675169343200 9.28 2200
1675169368286 9.28 2200
1675169444401 9.7 2300
1675169470702 9.7 2300
1675169547418 10.13 2400
1675169572746 10.13 2400
1675169635920 10.55 2500
1675169660757 10.55 2500
1675169741422 10.97 2600
1675169759134 10.97 2600
1675169832518 11.39 2700
1675169856823 11.39 2700
1675169933247 11.81 2800
1675169958948 11.81 2800
1675170034843 12.24 2900
1675170059950 12.24 2900
1675170132733 12.66 3000
1675170149365 12.66 3000
1675170201126 13.08 3100
1675170217528 13.08 3100
1675170269602 13.5 3200
1675170286325 13.5 3200
1675170338064 13.92 3300
1675170354570 13.92 3300
1675170406574 14.35 3400
1675170423007 14.35 3400
1675170474672 14.77 3500
1675170491278 14.77 3500
1675170543368 15.19 3600
1675170559871 15.19 3600
1675170611809 15.61 3700
1675170628271 15.61 3700
1675170679006 16.03 3800
1675170695295 16.03 3800
1675170746302 16.45 3900
1675170762767 16.45 3900
1675170813994 16.88 4000
1675170830436 16.88 4000
1675170881839 17.3 4100
1675170898145 17.3 4100
1675170943646 17.72 4200
1675170960022 17.72 4200
1675171011886 18.14 4300
1675171028666 18.14 4300
1675171080233 18.56 4400
1675171096772 18.56 4400
1675171148453 18.99 4500
1675171164798 18.99 4500
1675171216822 19.41 4600
1675171233255 19.41 4600
1675171285028 19.83 4700
1675171301619 19.83 4700
1675171323666 20.0 4740
