1675167170938 9.78902953586498e-06 100
1675167272899 9.578059071729959e-06 200
1675167379116 9.367088607594937e-06 300
1675167483081 9.156118143459917e-06 400
1675167584663 8.945147679324895e-06 500
1675167687166 8.734177215189874e-06 600
1675167789703 8.523206751054853e-06 700
1675167893257 8.31223628691983e-06 800
1675167995033 8.10126582278481e-06 900
1675168100959 7.89029535864979e-06 1000
1675168190664 7.679324894514768e-06 1100
1675168296481 7.468354430379747e-06 1200
1675168397914 7.257383966244726e-06 1300
1675168500140 7.046413502109706e-06 1400
1675168607420 6.835443037974684e-06 1500
1675168713887 6.624472573839663e-06 1600
1675168819942 6.413502109704642e-06 1700
1675168925031 6.20253164556962e-06 1800
1675169030364 5.9915611814346e-06 1900
1675169133456 5.780590717299579e-06 2000
1675169240427 5.569620253164557e-06 2100
1675169343200 5.358649789029536e-06 2200
1675169444401 5.147679324894516e-06 2300
1675169547418 4.936708860759495e-06 2400
1675169635920 4.725738396624473e-06 2500
1675169741422 4.514767932489452e-06 2600
1675169832518 4.303797468354431e-06 2700
1675169933247 4.09282700421941e-06 2800
1675170034843 3.8818565400843886e-06 2900
1675170132733 3.6708860759493675e-06 3000
1675170201126 3.459915611814346e-06 3100
1675170269602 3.248945147679325e-06 3200
1675170338064 3.037974683544304e-06 3300
1675170406574 2.827004219409283e-06 3400
1675170474672 2.6160337552742622e-06 3500
1675170543368 2.4050632911392408e-06 3600
1675170611809 2.1940928270042197e-06 3700
1675170679006 1.9831223628691982e-06 3800
1675170746302 1.7721518987341774e-06 3900
1675170813994 1.5611814345991563e-06 4000
1675170881839 1.350210970464135e-06 4100
1675170943646 1.139240506329114e-06 4200
1675171011886 9.28270042194093e-07 4300
1675171080233 7.172995780590718e-07 4400
1675171148453 5.063291139240507e-07 4500
1675171216822 2.9535864978902955e-07 4600
1675171285028 8.438818565400844e-08 4700
