1675167170938 1.1916 100
1675167272899 0.817 200
1675167379116 0.8077 300
1675167483081 0.7929 400
1675167584663 0.7888 500
1675167687166 0.7856 600
1675167789703 0.7816 700
1675167893257 0.7794 800
1675167995033 0.7792 900
1675168100959 0.7774 1000
1675168190664 0.7725 1100
1675168296481 0.7753 1200
1675168397914 0.7702 1300
1675168500140 0.7617 1400
1675168607420 0.7743 1500
1675168713887 0.766 1600
1675168819942 0.7674 1700
1675168925031 0.7634 1800
1675169030364 0.7645 1900
1675169133456 0.7662 2000
1675169240427 0.7633 2100
1675169343200 0.7664 2200
1675169444401 0.7619 2300
1675169547418 0.7644 2400
1675169635920 0.7654 2500
1675169741422 0.7626 2600
1675169832518 0.7603 2700
1675169933247 0.7628 2800
1675170034843 0.7607 2900
1675170132733 0.7576 3000
1675170201126 0.7628 3100
1675170269602 0.761 3200
1675170338064 0.7605 3300
1675170406574 0.764 3400
1675170474672 0.763 3500
1675170543368 0.7596 3600
1675170611809 0.7659 3700
1675170679006 0.7602 3800
1675170746302 0.7553 3900
1675170813994 0.7607 4000
1675170881839 0.7612 4100
1675170943646 0.7531 4200
1675171011886 0.7571 4300
1675171080233 0.7567 4400
1675171148453 0.7597 4500
1675171216822 0.7584 4600
1675171285028 0.7621 4700
