1675234786039 2.12 250
1675234906605 4.24 500
1675235101876 4.24 500
1675235233525 6.35 750
1675235354839 8.47 1000
1675235549677 8.47 1000
1675235672635 10.59 1250
1675235792485 12.71 1500
1675235987158 12.71 1500
1675236110742 14.83 1750
1675237086485 16.94 2000
1675237281022 16.94 2000
1675237408541 19.07 2250
1675237532466 21.19 2500
1675237729467 21.19 2500
1675237852294 23.3 2750
1675237971980 25.42 3000
1675238166755 25.42 3000
1675238291038 27.54 3250
1675238414181 29.66 3500
1675238617570 29.66 3500
1675238742594 31.77 3750
1675238864153 33.89 4000
1675239060407 33.89 4000
1675239185808 36.02 4250
1675239306851 38.13 4500
1675239502476 38.13 4500
1675239625821 40.25 4750
1675239746627 42.37 5000
1675239941422 42.37 5000
1675239945962 42.37 5000
