1675234786039 9.5e-06 250
1675234906605 9e-06 500
1675235233525 8.5e-06 750
1675235354839 8.000000000000001e-06 1000
1675235672635 7.500000000000001e-06 1250
1675235792485 7e-06 1500
1675236110742 6.5000000000000004e-06 1750
1675237086485 6e-06 2000
1675237408541 5.500000000000001e-06 2250
1675237532466 5e-06 2500
1675237852294 4.5e-06 2750
1675237971980 4.000000000000001e-06 3000
1675238291038 3.5e-06 3250
1675238414181 3e-06 3500
1675238742594 2.5e-06 3750
1675238864153 2.0000000000000003e-06 4000
1675239185808 1.5e-06 4250
1675239306851 1.0000000000000002e-06 4500
1675239625821 5.000000000000001e-07 4750
1675239746627 0.0 5000
