1675234786039 1.1669 250
1675234906605 0.7236 500
1675235233525 0.6497 750
1675235354839 0.5998 1000
1675235672635 0.5686 1250
1675235792485 0.5378 1500
1675236110742 0.5098 1750
1675237086485 0.4833 2000
1675237408541 0.4684 2250
1675237532466 0.4463 2500
1675237852294 0.4347 2750
1675237971980 0.4228 3000
1675238291038 0.408 3250
1675238414181 0.3999 3500
1675238742594 0.3908 3750
1675238864153 0.3792 4000
1675239185808 0.3806 4250
1675239306851 0.3724 4500
1675239625821 0.3782 4750
1675239746627 0.3702 5000
