1677722858758 0.84 100
1677722872049 0.84 100
1677722925914 1.68 200
1677722939194 1.68 200
1677722992884 2.52 300
1677723006262 2.52 300
1677723059993 3.36 400
1677723073293 3.36 400
1677723127085 4.2 500
1677723140290 4.2 500
1677723194151 5.04 600
1677723207532 5.04 600
1677723261324 5.88 700
1677723274733 5.88 700
1677723328468 6.72 800
1677723341738 6.72 800
1677723395619 7.56 900
1677723408840 7.56 900
1677723462719 8.4 1000
1677723475941 8.4 1000
1677723529693 9.24 1100
1677723542985 9.24 1100
1677723596739 10.08 1200
1677723610010 10.08 1200
1677723663921 10.92 1300
1677723677128 10.92 1300
1677723731016 11.76 1400
1677723744323 11.76 1400
1677723798091 12.61 1500
1677723811402 12.61 1500
1677723865168 13.45 1600
1677723878407 13.45 1600
1677723932293 14.29 1700
1677723945491 14.29 1700
1677723999369 15.13 1800
1677724012621 15.13 1800
1677724066482 15.97 1900
1677724079547 15.97 1900
1677724133316 16.81 2000
1677724146618 16.81 2000
1677724200489 17.65 2100
1677724213621 17.65 2100
1677724267333 18.49 2200
1677724280621 18.49 2200
1677724334370 19.33 2300
1677724347563 19.33 2300
1677724401507 20.17 2400
1677724414899 20.17 2400
1677724468572 21.01 2500
1677724481846 21.01 2500
1677724535981 21.85 2600
1677724549208 21.85 2600
1677724602956 22.69 2700
1677724616073 22.69 2700
1677724669842 23.53 2800
1677724683023 23.53 2800
1677724736916 24.37 2900
1677724749934 24.37 2900
1677724803871 25.21 3000
1677724817188 25.21 3000
1677724870784 26.05 3100
1677724884094 26.05 3100
1677724938113 26.89 3200
1677724951331 26.89 3200
1677725005017 27.73 3300
1677725018259 27.73 3300
1677725072153 28.57 3400
1677725085516 28.57 3400
1677725139285 29.41 3500
1677725152471 29.41 3500
1677725206260 30.25 3600
1677725219559 30.25 3600
1677725273479 31.09 3700
1677725286739 31.09 3700
1677725340741 31.93 3800
1677725353976 31.93 3800
1677725407746 32.77 3900
1677725421088 32.77 3900
1677725474870 33.61 4000
1677725488042 33.61 4000
1677725541882 34.45 4100
1677725554993 34.45 4100
1677731962196 35.29 4200
1677731975574 35.29 4200
1677732029248 36.13 4300
1677732042589 36.13 4300
1677732096344 36.97 4400
1677732109627 36.97 4400
1677732163479 37.82 4500
1677732176763 37.82 4500
1677732230625 38.66 4600
1677732243918 38.66 4600
1677732297667 39.5 4700
1677732310925 39.5 4700
1677732364682 40.34 4800
1677732377791 40.34 4800
1677732431619 41.18 4900
1677732444853 41.18 4900
1677732498789 42.02 5000
1677732512098 42.02 5000
1677732515047 42.02 5000
