1677722858758 9.800000000000001e-06 100
1677722925914 9.600000000000001e-06 200
1677722992884 9.4e-06 300
1677723059993 9.200000000000002e-06 400
1677723127085 9e-06 500
1677723194151 8.8e-06 600
1677723261324 8.6e-06 700
1677723328468 8.400000000000001e-06 800
1677723395619 8.2e-06 900
1677723462719 8.000000000000001e-06 1000
1677723529693 7.800000000000002e-06 1100
1677723596739 7.600000000000001e-06 1200
1677723663921 7.4e-06 1300
1677723731016 7.2000000000000005e-06 1400
1677723798091 7e-06 1500
1677723865168 6.800000000000001e-06 1600
1677723932293 6.600000000000001e-06 1700
1677723999369 6.4000000000000006e-06 1800
1677724066482 6.200000000000001e-06 1900
1677724133316 6e-06 2000
1677724200489 5.8e-06 2100
1677724267333 5.600000000000001e-06 2200
1677724334370 5.400000000000001e-06 2300
1677724401507 5.2e-06 2400
1677724468572 5e-06 2500
1677724535981 4.800000000000001e-06 2600
1677724602956 4.600000000000001e-06 2700
1677724669842 4.4e-06 2800
1677724736916 4.2000000000000004e-06 2900
1677724803871 4.000000000000001e-06 3000
1677724870784 3.8000000000000005e-06 3100
1677724938113 3.6000000000000003e-06 3200
1677725005017 3.4000000000000005e-06 3300
1677725072153 3.2000000000000003e-06 3400
1677725139285 3e-06 3500
1677725206260 2.8000000000000003e-06 3600
1677725273479 2.6e-06 3700
1677725340741 2.4000000000000003e-06 3800
1677725407746 2.2e-06 3900
1677725474870 2.0000000000000003e-06 4000
1677725541882 1.8000000000000001e-06 4100
1677731962196 1.6000000000000001e-06 4200
1677732029248 1.4000000000000001e-06 4300
1677732096344 1.2000000000000002e-06 4400
1677732163479 1.0000000000000002e-06 4500
1677732230625 8.000000000000001e-07 4600
1677732297667 6.000000000000001e-07 4700
1677732364682 4.0000000000000003e-07 4800
1677732431619 2.0000000000000002e-07 4900
1677732498789 0.0 5000
