1677722858758 2.047 100
1677722925914 1.7237 200
1677722992884 1.6532 300
1677723059993 1.6223 400
1677723127085 1.5984 500
1677723194151 1.5763 600
1677723261324 1.5578 700
1677723328468 1.542 800
1677723395619 1.5291 900
1677723462719 1.5087 1000
1677723529693 1.5033 1100
1677723596739 1.4921 1200
1677723663921 1.4826 1300
1677723731016 1.4678 1400
1677723798091 1.4621 1500
1677723865168 1.4573 1600
1677723932293 1.441 1700
1677723999369 1.4384 1800
1677724066482 1.4278 1900
1677724133316 1.4225 2000
1677724200489 1.4115 2100
1677724267333 1.413 2200
1677724334370 1.4076 2300
1677724401507 1.3946 2400
1677724468572 1.3956 2500
1677724535981 1.3858 2600
1677724602956 1.3848 2700
1677724669842 1.377 2800
1677724736916 1.377 2900
1677724803871 1.3671 3000
1677724870784 1.3656 3100
1677724938113 1.3594 3200
1677725005017 1.3614 3300
1677725072153 1.3504 3400
1677725139285 1.3568 3500
1677725206260 1.3475 3600
1677725273479 1.3501 3700
1677725340741 1.3445 3800
1677725407746 1.3419 3900
1677725474870 1.3429 4000
1677725541882 1.3327 4100
1677731962196 1.3405 4200
1677732029248 1.3335 4300
1677732096344 1.335 4400
1677732163479 1.3323 4500
1677732230625 1.3306 4600
1677732297667 1.3298 4700
1677732364682 1.3328 4800
1677732431619 1.3328 4900
1677732498789 1.3257 5000
