1675224073849 0.84 100
1675224238563 1.69 200
1675224403510 2.54 300
1675224568421 3.39 400
1675224733455 4.24 500
1675224941527 4.24 500
1675225136932 5.08 600
1675225300816 5.93 700
1675225465856 6.77 800
1675225630841 7.62 900
1675225795804 8.47 1000
1675226003051 8.47 1000
1675226178761 9.32 1100
1675226343731 10.17 1200
1675226508640 11.02 1300
1675226672480 11.86 1400
1675226837410 12.71 1500
1675227044920 12.71 1500
1675227221265 13.56 1600
1675227386293 14.4 1700
1675227551225 15.25 1800
1675227716147 16.1 1900
1675227879967 16.94 2000
1675228087317 16.94 2000
1675228263515 17.79 2100
1675228428493 18.64 2200
1675228593527 19.49 2300
1675228758572 20.34 2400
1675228923523 21.19 2500
1675229131790 21.19 2500
1675229308079 22.03 2600
1675229471972 22.88 2700
1675229637048 23.72 2800
1675229802118 24.57 2900
1675229967013 25.42 3000
1675230172872 25.42 3000
1675230349558 26.27 3100
1675230514902 27.12 3200
1675230679046 27.96 3300
1675230844351 28.81 3400
1675231009596 29.66 3500
1675231217002 29.66 3500
1675231394631 30.51 3600
1675231560169 31.35 3700
1675231725590 32.2 3800
1675231891275 33.05 3900
1675232057307 33.89 4000
1675232272282 33.89 4000
1675232450316 34.74 4100
1675232616804 35.59 4200
1675232783629 36.44 4300
1675232949778 37.29 4400
