1675224073849 9.800000000000001e-06 100
1675224238563 9.600000000000001e-06 200
1675224403510 9.4e-06 300
1675224568421 9.200000000000002e-06 400
1675224733455 9e-06 500
1675225136932 8.8e-06 600
1675225300816 8.6e-06 700
1675225465856 8.400000000000001e-06 800
1675225630841 8.2e-06 900
1675225795804 8.000000000000001e-06 1000
1675226178761 7.800000000000002e-06 1100
1675226343731 7.600000000000001e-06 1200
1675226508640 7.4e-06 1300
1675226672480 7.2000000000000005e-06 1400
1675226837410 7e-06 1500
1675227221265 6.800000000000001e-06 1600
1675227386293 6.600000000000001e-06 1700
1675227551225 6.4000000000000006e-06 1800
1675227716147 6.200000000000001e-06 1900
1675227879967 6e-06 2000
1675228263515 5.8e-06 2100
1675228428493 5.600000000000001e-06 2200
1675228593527 5.400000000000001e-06 2300
1675228758572 5.2e-06 2400
1675228923523 5e-06 2500
1675229308079 4.800000000000001e-06 2600
1675229471972 4.600000000000001e-06 2700
1675229637048 4.4e-06 2800
1675229802118 4.2000000000000004e-06 2900
1675229967013 4.000000000000001e-06 3000
1675230349558 3.8000000000000005e-06 3100
1675230514902 3.6000000000000003e-06 3200
1675230679046 3.4000000000000005e-06 3300
1675230844351 3.2000000000000003e-06 3400
1675231009596 3e-06 3500
1675231394631 2.8000000000000003e-06 3600
1675231560169 2.6e-06 3700
1675231725590 2.4000000000000003e-06 3800
1675231891275 2.2e-06 3900
1675232057307 2.0000000000000003e-06 4000
1675232450316 1.8000000000000001e-06 4100
1675232616804 1.6000000000000001e-06 4200
1675232783629 1.4000000000000001e-06 4300
1675232949778 1.2000000000000002e-06 4400
