1675224073849 0.5082 100
1675224238563 0.1944 200
1675224403510 0.1789 300
1675224568421 0.1626 400
1675224733455 0.1476 500
1675225136932 0.1425 600
1675225300816 0.1273 700
1675225465856 0.1179 800
1675225630841 0.1198 900
1675225795804 0.1113 1000
1675226178761 0.1094 1100
1675226343731 0.0954 1200
1675226508640 0.0964 1300
1675226672480 0.0904 1400
1675226837410 0.0837 1500
1675227221265 0.0847 1600
1675227386293 0.0837 1700
1675227551225 0.077 1800
1675227716147 0.0682 1900
1675227879967 0.0648 2000
1675228263515 0.0742 2100
1675228428493 0.0646 2200
1675228593527 0.0653 2300
1675228758572 0.0538 2400
1675228923523 0.0543 2500
1675229308079 0.0601 2600
1675229471972 0.0514 2700
1675229637048 0.057 2800
1675229802118 0.0566 2900
1675229967013 0.0499 3000
1675230349558 0.0516 3100
1675230514902 0.052 3200
1675230679046 0.0467 3300
1675230844351 0.0469 3400
1675231009596 0.0465 3500
1675231394631 0.0437 3600
1675231560169 0.0475 3700
1675231725590 0.0397 3800
1675231891275 0.0453 3900
1675232057307 0.0433 4000
1675232450316 0.0422 4100
1675232616804 0.0384 4200
1675232783629 0.0448 4300
1675232949778 0.0422 4400
