1675789546610 1.69 100
1675790131684 3.39 200
1675790535828 5.08 300
1675790716517 5.08 300
1675791311796 6.77 400
1675791897194 8.47 500
1675792300973 10.17 600
1675792482291 10.17 600
1675793076458 11.86 700
1675793661011 13.55 800
1675794064447 15.25 900
1675794245004 15.25 900
1675794840209 16.94 1000
1675795425606 18.64 1100
1675795829376 20.34 1200
1675796010732 20.34 1200
1675796606690 22.03 1300
1675797188871 23.72 1400
1675797593116 25.42 1500
1675797773750 25.42 1500
1675798370300 27.12 1600
1675798953580 28.81 1700
1675799357597 30.5 1800
1675799538862 30.5 1800
1675800134781 32.2 1900
1675800717022 33.89 2000
1675801120768 35.59 2100
1675801300964 35.59 2100
1675801898445 37.29 2200
1675802482209 38.97 2300
1675802886370 40.67 2400
1675803067853 40.67 2400
1675803662447 42.37 2500
1675804246342 44.07 2600
1675804648582 45.76 2700
1675804828818 45.76 2700
1675805425938 47.45 2800
1675806011004 49.15 2900
1675806413342 50.84 3000
1675806594461 50.84 3000
1675807190354 52.54 3100
1675807774805 54.24 3200
1675808177034 55.92 3300
1675808357450 55.92 3300
1675808955013 57.62 3400
1675809540336 59.32 3500
1675809944322 61.02 3600
1675810125828 61.02 3600
1675810721507 62.71 3700
1675811306332 64.4 3800
1675811710270 66.1 3900
1675811892161 66.1 3900
1675812488021 67.79 4000
1675813073564 69.49 4100
1675813477127 71.18 4200
1675813659586 71.18 4200
1675814255273 72.87 4300
1675814840612 74.57 4400
1675815243975 76.27 4500
1675815425291 76.27 4500
1675816021524 77.96 4600
1675816607388 79.66 4700
1675817010886 81.35 4800
1675817192996 81.35 4800
1675817790504 83.05 4900
1675818374239 84.74 5000
1675818376804 84.74 5000
