1675790535828 9.4e-06 300
1675792300973 8.8e-06 600
1675794064447 8.2e-06 900
1675795829376 7.600000000000001e-06 1200
1675797593116 7e-06 1500
1675799357597 6.4000000000000006e-06 1800
1675801120768 5.8e-06 2100
1675802886370 5.2e-06 2400
1675804648582 4.600000000000001e-06 2700
1675806413342 4.000000000000001e-06 3000
1675808177034 3.4000000000000005e-06 3300
1675809944322 2.8000000000000003e-06 3600
1675811710270 2.2e-06 3900
1675813477127 1.6000000000000001e-06 4200
1675815243975 1.0000000000000002e-06 4500
1675817010886 4.0000000000000003e-07 4800
