1677463206435 0.84 50
1677463368668 0.84 50
1677463573206 1.69 100
1677463738531 1.69 100
1677463943363 2.54 150
1677464104488 2.54 150
1677464307546 3.39 200
1677464472505 3.39 200
1677464674330 4.24 250
1677464838300 4.24 250
1677465041475 5.08 300
1677465206756 5.08 300
1677465408454 5.92 350
1677465575261 5.92 350
1677465778498 6.77 400
1677467381769 6.77 400
1677467586267 7.62 450
1677467749399 7.62 450
1677467950718 8.47 500
1677468115116 8.47 500
1677468317076 9.32 550
1677468480853 9.32 550
1677468683138 10.17 600
1677468845455 10.17 600
1677469046767 11.02 650
1677469209923 11.02 650
1677469410680 11.86 700
1677469573288 11.86 700
1677469779448 12.71 750
1677469944212 12.71 750
1677470146781 13.55 800
1677470315084 13.55 800
1677470516174 14.4 850
1677470682208 14.4 850
1677470884327 15.25 900
1677471047096 15.25 900
1677471252787 16.1 950
1677471420758 16.1 950
1677471623373 16.94 1000
1677471789190 16.94 1000
1677471993810 17.79 1050
1677472161151 17.79 1050
1677472365278 18.64 1100
1677472528207 18.64 1100
1677472730026 19.49 1150
1677472891476 19.49 1150
1677473093610 20.34 1200
1677473255931 20.34 1200
1677473457152 21.18 1250
1677473624760 21.18 1250
1677473829623 22.03 1300
1677473991409 22.03 1300
1677474192781 22.87 1350
1677474355174 22.87 1350
1677474559239 23.72 1400
1677474728114 23.72 1400
1677474929839 24.57 1450
1677475095005 24.57 1450
1677475299696 25.42 1500
1677475462447 25.42 1500
1677475664754 26.27 1550
1677475830432 26.27 1550
1677476032719 27.12 1600
1677476194199 27.12 1600
1677476394419 27.96 1650
1677476547203 27.96 1650
1677476743857 28.81 1700
1677476896500 28.81 1700
1677477093279 29.66 1750
1677477245955 29.66 1750
1677477442932 30.5 1800
1677477595231 30.5 1800
1677477791022 31.35 1850
1677477944151 31.35 1850
1677478146495 32.2 1900
1677478299779 32.2 1900
1677478495845 33.05 1950
1677478648417 33.05 1950
1677478844957 33.89 2000
1677478998413 33.89 2000
1677479194802 34.74 2050
1677479347375 34.74 2050
1677479544684 35.59 2100
1677479697847 35.59 2100
1677479895232 36.44 2150
1677480047772 36.44 2150
1677480245528 37.29 2200
1677480398936 37.29 2200
