1677463206435 9.9e-06 50
1677463573206 9.800000000000001e-06 100
1677463943363 9.7e-06 150
1677464307546 9.600000000000001e-06 200
1677464674330 9.5e-06 250
1677465041475 9.4e-06 300
1677465408454 9.3e-06 350
1677465778498 9.200000000000002e-06 400
1677467586267 9.100000000000001e-06 450
1677467950718 9e-06 500
1677468317076 8.900000000000001e-06 550
1677468683138 8.8e-06 600
1677469046767 8.700000000000001e-06 650
1677469410680 8.6e-06 700
1677469779448 8.5e-06 750
1677470146781 8.400000000000001e-06 800
1677470516174 8.3e-06 850
1677470884327 8.2e-06 900
1677471252787 8.1e-06 950
1677471623373 8.000000000000001e-06 1000
1677471993810 7.9e-06 1050
1677472365278 7.800000000000002e-06 1100
1677472730026 7.7e-06 1150
1677473093610 7.600000000000001e-06 1200
1677473457152 7.500000000000001e-06 1250
1677473829623 7.4e-06 1300
1677474192781 7.3e-06 1350
1677474559239 7.2000000000000005e-06 1400
1677474929839 7.100000000000001e-06 1450
1677475299696 7e-06 1500
1677475664754 6.9e-06 1550
1677476032719 6.800000000000001e-06 1600
1677476394419 6.700000000000001e-06 1650
1677476743857 6.600000000000001e-06 1700
1677477093279 6.5000000000000004e-06 1750
1677477442932 6.4000000000000006e-06 1800
1677477791022 6.300000000000001e-06 1850
1677478146495 6.200000000000001e-06 1900
1677478495845 6.1e-06 1950
1677478844957 6e-06 2000
1677479194802 5.9e-06 2050
1677479544684 5.8e-06 2100
1677479895232 5.7e-06 2150
1677480245528 5.600000000000001e-06 2200
