1677463206435 2.7671 50
1677463573206 2.2045 100
1677463943363 2.0593 150
1677464307546 1.9963 200
1677464674330 1.9426 250
1677465041475 1.9163 300
1677465408454 1.8562 350
1677465778498 1.8549 400
1677467586267 1.8343 450
1677467950718 1.8107 500
1677468317076 1.7912 550
1677468683138 1.7749 600
1677469046767 1.7532 650
1677469410680 1.7241 700
1677469779448 1.7202 750
1677470146781 1.7127 800
1677470516174 1.6921 850
1677470884327 1.6821 900
1677471252787 1.6808 950
1677471623373 1.6376 1000
1677471993810 1.645 1050
1677472365278 1.6301 1100
1677472730026 1.6222 1150
1677473093610 1.6121 1200
1677473457152 1.6129 1250
1677473829623 1.5916 1300
1677474192781 1.5691 1350
1677474559239 1.5683 1400
1677474929839 1.5669 1450
1677475299696 1.5528 1500
1677475664754 1.5448 1550
1677476032719 1.5323 1600
1677476394419 1.5213 1650
1677476743857 1.5227 1700
1677477093279 1.5119 1750
1677477442932 1.4962 1800
1677477791022 1.5094 1850
1677478146495 1.4821 1900
1677478495845 1.4872 1950
1677478844957 1.4651 2000
1677479194802 1.4631 2050
1677479544684 1.4631 2100
1677479895232 1.4712 2150
1677480245528 1.4429 2200
